0 0 1
1 1001 1
2 1002 1
3 1003 1
4 1004 1
5 1005 1
6 1006 1
7 1007 1
8 1008 1
9 1009 1
10 1010 1
11 1011 1
12 1012 1
13 1013 1
14 1014 1
15 1015 1
16 1016 1
17 1017 1
18 1018 1
19 1019 1
20 1020 1
21 1021 1
22 1022 1
23 1023 1
24 1024 1
25 1025 1
26 1026 1
27 1027 1
28 1028 1
29 1029 1
30 1030 1
31 1031 1
32 1032 1
33 1033 1
34 1034 1
35 1035 1
36 1036 1
37 1037 1
38 1038 1
39 1039 1
40 1040 1
41 1041 1
42 1042 1
43 1043 1
44 1044 1
45 1045 1
46 1046 1
47 1047 1
48 1048 1
49 1049 1
50 1050 1
51 1051 1
52 1052 1
53 1053 1
54 1054 1
55 1055 1
56 1056 1
57 1057 1
58 1058 1
59 1059 1
60 1060 1
61 1061 1
62 1062 1
63 1063 1
64 1064 1
65 1065 1
66 1066 1
67 1067 1
68 1068 1
69 1069 1
70 1070 1
71 1071 1
72 1072 1
73 1073 1
74 1074 1
75 1075 1
76 1076 1
77 1077 1
78 1078 1
79 1079 1
80 1080 1
81 1081 1
82 1082 1
83 1083 1
84 1084 1
85 1085 1
86 1086 1
87 1087 1
88 1088 1
89 1089 1
90 1090 1
91 1091 1
92 1092 1
93 1093 1
94 1094 1
95 1095 1
96 1096 1
97 1097 1
98 1098 1
99 1099 1
